0 0.8720748829953198 0.6901326053042122 0.04563182527301092 0.03315132605304212
0 0.7954368174726989 0.703198127925117 0.093603744149766 0.02925117004680187
0 0.7137285491419657 0.6969578783151326 0.05811232449297972 0.035101404056162244
0 0.6550312012480499 0.6735569422776911 0.046801872074883 0.0390015600624025
0 0.6146645865834633 0.6528861154446178 0.03003120124804992 0.032371294851794075
0 0.5540171606864275 0.6008190327613104 0.02847113884555382 0.0327613104524181
0 0.5288611544461779 0.5746879875195008 0.0202808112324493 0.028081123244929798
0 0.4877145085803432 0.5099453978159126 0.036661466458658344 0.0499219968798752
0 0.45183307332293293 0.4608034321372855 0.02769110764430577 0.07566302652106084
0 0.4108814352574103 0.4335023400936037 0.05226209048361934 0.06006240249609984
0 0.36485959438377535 0.45085803432137284 0.0343213728549142 0.09906396255850235